0
0
0
430
0
0
400
0
0
0
0
0
0
0
0
310
310
310
310
310
310
310
310
310
310
310
310
310
310
310
310
310
310
310
0
0
420
400
420
420
400
0
320
0
320
320
320
0
320
0
310
310
310
310
310
310
310
310
0
0
310
310
310
310
310
310
310
310
0
400
0
410
410
410
0
0
320
320
320
320
320
0
0
0
0
310
310
310
310
310
310
0
400
400
0
310
310
310
310
310
310
310
0
0
2003
1002
1002
1002
2000
0
320
320
320
0
0
0
0
0
0
0
310
310
310
0
0
410
410
420
420
0
310
310
310
310
310
310
0
0
1001
0
0
0
1003
0
320
0
310
310
310
0
0
0
2003
1002
1002
1002
1002
1002
1002
1002
1002
2000
0
0
0
0
310
310
310
310
0
0
1001
0
0
0
1003
0
0
310
310
310
0
0
0
0
1001
0
0
0
320
320
320
320
0
1001
0
0
0
0
0
0
310
310
0
0
1001
0
0
0
2002
1002
1002
2000
310
310
2003
1002
1002
1002
2001
0
0
0
320
320
320
320
0
1001
300
300
300
0
0
320
0
0
0
0
2002
2000
0
0
0
0
0
1003
310
310
1001
0
0
0
0
2003
1000
1000
1000
1000
1000
1000
1000
2001
300
300
300
300
0
0
320
320
320
320
0
1001
0
0
0
0
0
1003
310
310
1001
0
0
0
0
1003
0
320
320
320
320
320
0
300
300
300
300
0
320
320
0
0
320
320
0
1001
0
0
0
0
0
2002
1002
1002
2001
0
0
0
0
1001
0
0
400
320
320
0
0
300
300
300
0
320
320
0
0
300
320
320
0
1001
0
300
300
0
0
0
0
0
0
0
320
320
0
1003
0
0
400
0
420
0
300
300
300
300
0
0
320
0
300
300
320
300
300
1201
300
300
300
300
0
430
0
0
0
320
320
0
0
1001
0
0
0
400
400
0
300
300
300
300
300
0
0
300
300
300
320
300
300
1271
300
300
300
300
400
0
0
0
320
320
320
0
0
1003
410
400
420
0
430
420
0
300
300
300
300
300
300
300
300
300
320
320
300
1241
300
300
300
430
420
400
400
0
320
320
320
320
0
1003
410
0
0
400
0
400
400
0
300
300
300
300
300
300
300
300
320
300
300
1231
300
300
0
400
410
1230
410
0
0
320
320
0
0
1003
410
0
400
430
0
420
430
0
0
300
300
300
300
300
300
300
0
0
0
2002
1290
1280
1270
1260
1250
1240
1230
1220
1200
1240
1210
1200
1170
2001
0
0
0
420
0
0
400
400
0
0
0
300
300
300
300
300
