0
0
0
430
0
0
400
0
0
0
0
0
0
0
0
310
310
310
310
310
310
310
310
310
310
310
310
310
310
310
310
310
310
310
0
0
420
400
420
420
400
0
320
0
320
320
320
0
320
0
310
310
310
310
310
310
310
310
0
0
310
310
310
310
310
310
310
310
0
400
0
410
410
410
0
0
320
320
320
320
320
0
0
0
0
310
310
310
310
310
310
0
0
0
0
310
310
310
310
310
310
310
0
0
2003
1000
1270
1100
2000
0
320
320
320
0
0
0
0
0
0
0
310
310
310
0
0
0
320
320
0
0
310
310
310
310
310
310
0
0
1003
0
0
0
1001
0
320
0
310
310
310
0
0
0
0
0
0
0
0
0
320
320
320
320
0
0
0
0
310
310
310
310
0
0
1003
0
0
0
1001
0
0
310
310
310
0
0
0
0
0
0
0
0
320
320
320
320
0
0
0
0
0
0
0
0
310
310
0
0
1003
0
0
0
1001
0
0
0
310
310
2003
1000
1000
1000
1000
2000
0
0
320
320
320
320
0
0
300
300
300
0
0
320
0
0
0
0
2002
1000
1000
1000
2001
0
0
0
310
310
1003
0
0
0
0
1001
0
0
320
320
320
320
320
300
300
300
300
300
0
0
320
320
320
320
0
0
0
0
0
0
0
0
310
310
1003
0
0
0
0
1001
0
320
320
320
320
320
0
300
300
300
300
0
320
320
0
0
320
320
0
0
0
0
0
0
0
2003
1000
1000
2001
0
0
0
0
1001
0
0
0
320
320
0
0
300
300
300
0
320
320
0
0
300
320
320
0
0
0
300
300
0
0
1001
0
0
0
0
320
320
0
1001
0
0
0
0
0
0
300
300
300
300
0
0
320
0
300
300
320
300
300
0
300
300
300
300
0
1001
0
0
0
320
320
0
0
1241
0
0
0
400
0
0
300
300
300
300
300
0
0
300
300
300
320
300
300
0
300
300
300
300
0
1001
0
0
320
320
320
0
0
1231
410
400
420
0
0
0
0
300
300
300
300
300
300
300
300
300
320
320
300
0
300
300
300
430
420
1001
0
0
320
320
320
320
0
1171
410
0
0
400
0
0
0
0
300
300
300
300
300
300
300
300
320
300
300
0
300
300
0
400
410
1001
0
0
0
320
320
0
0
1001
410
0
400
430
0
420
0
0
0
300
300
300
300
300
300
300
0
0
0
0
0
0
0
0
0
2002
1002
1002
1002
1002
1002
1002
1002
2001
0
0
0
420
0
0
0
0
0
0
0
300
300
300
300
300
