1300
1300
1300
1300
1300
1300
0
0
0
0
0
0
0
0
0
0
0
0
0
0
0
0
0
0
0
0
0
1310
1310
1310
1310
1310
1310
1310
1300
1300
1300
1300
1300
1300
0
0
0
1320
1320
0
0
0
1400
0
1410
0
1420
0
0
1400
0
0
0
0
0
1310
1310
1310
1310
1310
1310
1310
1300
1300
1320
1320
1300
1300
0
0
0
1320
1320
1320
0
0
0
0
0
1420
0
0
0
0
0
0
0
0
0
1310
1310
1310
1310
1310
1310
1310
1300
1320
1320
1320
1300
1300
0
0
0
0
1320
1320
0
0
0
0
1420
0
0
1400
0
0
0
0
0
1400
0
0
1310
1310
1310
1310
1310
1310
1300
1320
1320
1320
1300
1300
0
2003
1000
1000
1000
1000
1000
1000
2000
0
0
0
0
0
0
0
0
1420
0
0
1420
0
0
1310
1310
1310
1310
0
1300
1320
1320
1320
1300
1300
0
1001
1320
0
0
0
0
0
1001
0
0
0
0
0
0
0
0
0
1410
0
0
0
0
0
0
0
0
0
1300
1320
1320
1300
1300
1300
0
1001
0
0
1320
0
0
0
2002
1000
1250
1210
1250
1230
1200
1140
1002
1002
1002
1002
1002
1002
1002
1002
1002
2000
0
0
1300
1300
1300
1300
1300
1300
0
1001
0
1320
1320
0
1320
1320
0
0
0
0
0
0
1320
0
0
0
0
0
0
0
1320
0
0
1001
0
0
1300
1320
1320
1300
1300
1300
0
2002
2000
0
0
0
0
1320
0
0
1320
1320
1320
1320
1320
1320
0
0
0
0
0
1320
1320
1320
1320
1001
0
0
1300
1320
1320
1300
1300
1300
1300
0
1001
0
0
0
0
0
0
0
0
0
1320
1320
1320
1320
0
0
0
0
0
1320
1320
1320
0
1001
1410
0
1300
1300
1300
1300
1300
1300
1300
0
1001
0
1300
1300
0
0
2003
1150
1210
1250
1210
1200
1000
1000
2000
1320
1320
0
0
0
1320
1420
1400
1001
0
0
1300
1320
1300
1300
1300
1300
1300
0
1001
0
1300
1300
1300
0
1001
0
0
1410
0
1320
1320
1320
1001
1320
1320
0
0
0
0
0
0
1001
0
1310
1300
1320
1300
1300
1300
1300
1300
0
1001
0
0
0
0
0
1001
0
0
0
1400
0
1320
1320
1001
1320
1320
0
0
0
0
0
0
1001
0
1310
1300
1300
1300
1300
1300
1300
1300
1300
2002
1000
1000
1000
1000
1000
2001
1320
1400
0
0
1420
1320
1320
1001
1320
1320
2003
1000
1000
1000
1000
1000
2001
1310
1310
1300
1300
1300
1300
1300
1300
1300
1300
1300
0
0
0
0
0
1320
1320
1320
1420
0
0
1320
1320
2002
1000
1000
2001
1320
1320
0
0
0
1310
1310
1310
1300
1300
1300
1300
1300
1300
1300
1300
1300
1300
1300
0
0
1320
1320
1320
1320
0
0
0
1320
1320
1320
1320
1320
1320
1320
1320
1310
1310
1310
1310
1310
1310
